-3.7373762
-4.759121
-6.4646573
-4.9425535
-6.0564404
-5.88387
-5.488075
-6.197591
-5.195235
-4.1831207
-3.7590113
-3.5186582
-3.920931
-2.5519416
-2.6941721
-2.4583755
-2.689262
-2.2233894
-1.9709352
-1.8455008
-1.7930961
-1.7371368
-1.5857886
-1.634728
-1.4914439
-1.3219942
-1.5942379
-1.3647468
-1.6628051
-1.1590047
-1.4824525
-1.0871326
-1.0529242
-0.9179636
-0.9864591
-1.1023619
-0.8760793
-1.263997
-0.8260903
-0.82631016
-1.0901169
-0.83490294
-0.9059557
-0.92108136
-0.7648526
-0.93439597
-0.8656378
-0.97071564
-0.6159913
-0.9012406
-0.88586706
-0.57264906
-0.75322616
-0.71794677
-0.49686092
-0.8411682
-0.6330788
-0.54458123
-0.45766562
-0.75057983
-0.59339726
-0.5494159
-0.5237334
-0.5634767
-0.5761615
-0.49907956
-0.3795937
-0.5355868
-0.4265194
-0.4209836
-0.39650044
-0.4907882
-0.42323297
-0.3675983
-0.70905393
-0.51249707
-0.66011
-0.32806316
-0.31642345
-0.52458304
-0.65238464
-0.43929285
-0.3954317
-0.34484604
-0.32589114
-0.47015435
-0.43099567
-0.32891178
-0.33872202
-0.4357743
-0.33549625
-0.50984395
-0.2791336
-0.49730465
-0.33464056
-0.41022012
-0.26670986
-0.3853609
-0.3775924
-0.30542013
-0.40258554
-0.22512685
-0.23859224
-0.44608927
-0.16620173
-0.23062497
-0.27927357
-0.27065936
-0.35384518
-0.20612356
-0.27517578
-0.2028441
-0.5633101
-0.24324687
-0.27555102
-0.19370879
-0.38485
-0.2668182
-0.1645076
-0.18384017
-0.1687409
-0.17160657
-0.2508416
-0.15939587
-0.2779818
-0.21225536
-0.16512305
-0.44934586
-0.23217072
-0.13727775
-0.21047333
-0.25411454
-0.16262287
-0.14223751
-0.15925065
-0.27884018
-0.14186227
-0.18668063
-0.29333767
-0.23373863
-0.2014213
-0.121709324
-0.22764206
-0.14151444
-0.17566502
-0.29071108
-0.23446774
-0.16903321
-0.1460649
-0.10782827
-0.12991886
-0.13555099
-0.1939609
-0.1179547
-0.19002876
-0.16165784
-0.14169395
-0.16758338
-0.12680636
-0.21949403
-0.15694027
-0.1960708
-0.15762532
-0.16501279
-0.14603601
-0.16025741
-0.17089328
-0.23925705
-0.13820091
-0.108288765
-0.13935591
-0.15307504
-0.077689566
-0.08746314
-0.17993715
-0.08373058
-0.15852043
-0.071302354
-0.15181702
-0.09052454
-0.16861731
-0.31468514
-0.08735621
-0.19617791
-0.17622802
-0.12001863
-0.12247287
-0.12452487
-0.112734295
-0.11920357
-0.18282953
-0.109378226
-0.3514979
-0.117380925
-0.15919802
-0.09822805
-0.2057593
-0.16846274
-0.14034933
-0.09968737
-0.19259563
-0.08115436
-0.067359746
-0.0507886
-0.059254464
-0.10006768
-0.10104179
-0.110238686
-0.14298223
-0.10472233
-0.13132615
-0.072779976
-0.1419461
-0.068276666
-0.10073484
-0.08138516
-0.17224781
-0.09775903
-0.16730668
-0.13436496
-0.1390032
-0.171522
-0.10951267
-0.07912877
-0.31379533
-0.08606032
-0.13633662
-0.114128105
-0.15677325
-0.1656007
-0.16903482
-0.09546801
-0.10111546
-0.17464301
-0.1248562
-0.088273466
-0.14471838
-0.109010264
-0.19159718
-0.10046892
-0.087923475
-0.094380215
-0.12832105
-0.08028177
-0.089514025
-0.057394385
-0.075433105
-0.09670644
-0.07152238
-0.110281266
-0.12755673
-0.08642287
-0.05545065
-0.06275433
-0.089224845
-0.103997804
-0.05309777
-0.07200919
-0.15439674
-0.14030442
-0.10161731
-0.090436846
-0.05694497
-0.097441494
-0.14065617
-0.07699388
-0.09011808
-0.045628667
-0.061532274
-0.085990235
-0.05273006
-0.14589542
-0.078675844
-0.12519114
-0.13694814
-0.2314056
-0.09694289
-0.15517564
-0.1354744
-0.116560064
-0.17139527
-0.06958285
-0.13834271
-0.14541058
-0.08347297
-0.17124176
-0.06755154
-0.08724864
-0.11925018
-0.03733803
-0.06527028
-0.096092366
-0.12675436
-0.06567844
-0.13275433
-0.09461248
-0.1112174
-0.047421504
-0.064977065
-0.08616567
-0.19759671
-0.08341209
-0.09141392
-0.17535795
-0.06406403
-0.108195625
-0.12694272
-0.28184912
-0.086478524
-0.1287287
-0.04713455
-0.09143406
-0.089696355
-0.06826792
-0.065533295
-0.053007245
-0.064852454
-0.18205568
-0.08868356
-0.12325386
-0.04528018
-0.11847825
-0.114382416
-0.14977264
-0.09837001
-0.17298189
-0.082712166
-0.17579557
-0.07964288
-0.054694027
-0.09613518
-0.08655328
-0.22873843
-0.15498655
-0.10074382
-0.056859132
-0.13489479
-0.05094185
-0.09495907
-0.16730039
-0.17945956
-0.16518678
-0.07322117
-0.09036812
-0.06922819
-0.06783966
-0.07472229
-0.15963456
-0.16383621
-0.057641525
-0.23829737
-0.117661014
-0.04127825
-0.11327773
-0.061607048
-0.052731622
-0.10522805
-0.151533
-0.11346282
-0.049068853
-0.29195547
-0.06929474
-0.15360796
-0.07484336
-0.0884904
-0.11816998
-0.1601717
-0.15250312
-0.110285506
-0.05555851
-0.101263344
-0.03865982
-0.1639995
-0.14353299
-0.095319286
-0.077188805
-0.084049396
-0.04868998
-0.07260235
-0.097473815
-0.16917779
-0.15836632
-0.12998283
-0.09263368
-0.1373054
-0.10338741
-0.16424084
-0.048059274
-0.047322925
-0.08791057
-0.12581374
-0.11789066
-0.050368797
-0.15295747
-0.04124813
-0.072104305
-0.08149276
-0.25604528
-0.13318457
-0.13879392
-0.03853631
-0.1283463
-0.098730326
-0.04046536
-0.09815854
-0.16424224
-0.09479403
-0.08594609
-0.11924458
-0.036988232
-0.11268473
-0.05569817
-0.10504387
-0.14917135
-0.12867965
-0.07277765
-0.10860372
-0.15021762
-0.15848264
-0.078240074
-0.13161622
-0.054380238
-0.2548244
-0.07276665
-0.12095643
-0.101800054
-0.15838642
-0.06842226
-0.12121238
-0.1298304
-0.13326007
-0.042204067
-0.053958975
-0.11412848
-0.062488116
-0.26405638
-0.051260598
-0.051846515
-0.14475267
-0.06629357
-0.1063641
-0.04471849
-0.08430598
-0.23244603
-0.26232633
-0.048565183
-0.13466118
-0.10970364
-0.16322957
-0.14576487
-0.17162172
-0.080438375
-0.1102337
-0.045842666
-0.06992566
-0.0794905
-0.3055607
-0.18659103
-0.15894386
-0.08692019
-0.12790285
-0.14328149
-0.09762511
-0.07120595
-0.06797957
-0.05057427
-0.11371527
-0.11146164
-0.08993634
-0.06360259
-0.19360892
-0.11495991
-0.11747592
-0.12236411
-0.2196787
-0.13969497
-0.08570155
-0.12442471
-0.058731865
-0.11959261
-0.066009216
-0.062505856
-0.20769705
-0.2265311
-0.07233869
-0.11474427
-0.062876895
-0.09690905
